{
 "cells": [
  {
   "cell_type": "markdown",
   "metadata": {},
   "source": [
    "# 导入模块"
   ]
  },
  {
   "cell_type": "code",
   "execution_count": 42,
   "metadata": {},
   "outputs": [],
   "source": [
    "# 导入Python的数据处理库pandas, 相当于python里的excel\n",
    "import pandas as pd\n",
    "\n",
    "# 导入python绘图matplotlib\n",
    "import matplotlib.pyplot as plt\n",
    "\n",
    "#使用ipython的魔法方法, 将绘制出的图像直接嵌入在notebook单元格中\n",
    "%matplotlib inline\n",
    "\n",
    "from sklearn.model_selection import train_test_split\n",
    "\n",
    "#设置绘图大小\n",
    "plt.style.use({'figure.figsize':(25,20)}) # 给画的图指定大小, 长25, 宽20\n",
    "\n",
    "#这两个用来显示中文字符\n",
    "plt.rcParams['font.sans-serif']=['SimHei'] # 用来正常显示中文标签\n",
    "plt.rcParams['axes.unicode_minus']=False # 用来正常显示负号"
   ]
  },
  {
   "cell_type": "markdown",
   "metadata": {},
   "source": [
    "# 从外部csv文件导入"
   ]
  },
  {
   "cell_type": "code",
   "execution_count": 43,
   "metadata": {},
   "outputs": [],
   "source": [
    "df_chinese= pd.read_csv('./boston_house_price_Chinese.csv',encoding='gbk')\n",
    "df_english= pd.read_csv('./boston_house_price_english.csv')"
   ]
  },
  {
   "cell_type": "markdown",
   "metadata": {},
   "source": [
    "# 查看数据"
   ]
  },
  {
   "cell_type": "code",
   "execution_count": 44,
   "metadata": {},
   "outputs": [
    {
     "data": {
      "text/html": [
       "<div>\n",
       "<style scoped>\n",
       "    .dataframe tbody tr th:only-of-type {\n",
       "        vertical-align: middle;\n",
       "    }\n",
       "\n",
       "    .dataframe tbody tr th {\n",
       "        vertical-align: top;\n",
       "    }\n",
       "\n",
       "    .dataframe thead th {\n",
       "        text-align: right;\n",
       "    }\n",
       "</style>\n",
       "<table border=\"1\" class=\"dataframe\">\n",
       "  <thead>\n",
       "    <tr style=\"text-align: right;\">\n",
       "      <th></th>\n",
       "      <th>犯罪率</th>\n",
       "      <th>住宅用地所占比例</th>\n",
       "      <th>城镇中非商业用地所占比例</th>\n",
       "      <th>是否处于查尔斯河边</th>\n",
       "      <th>一氧化碳浓度</th>\n",
       "      <th>住宅房间数</th>\n",
       "      <th>1940年以前建成的业主自住单位的占比</th>\n",
       "      <th>距离波士顿5个商业中心的加权平均距离</th>\n",
       "      <th>距离高速公路的便利指数</th>\n",
       "      <th>不动产权税</th>\n",
       "      <th>学生/教师比例</th>\n",
       "      <th>黑人比例</th>\n",
       "      <th>低收入阶层占比</th>\n",
       "      <th>房价中位数</th>\n",
       "    </tr>\n",
       "  </thead>\n",
       "  <tbody>\n",
       "    <tr>\n",
       "      <th>0</th>\n",
       "      <td>0.00632</td>\n",
       "      <td>18.0</td>\n",
       "      <td>2.31</td>\n",
       "      <td>0</td>\n",
       "      <td>0.538</td>\n",
       "      <td>6.575</td>\n",
       "      <td>65.2</td>\n",
       "      <td>4.0900</td>\n",
       "      <td>1</td>\n",
       "      <td>296</td>\n",
       "      <td>15.3</td>\n",
       "      <td>396.90</td>\n",
       "      <td>4.98</td>\n",
       "      <td>24.0</td>\n",
       "    </tr>\n",
       "    <tr>\n",
       "      <th>1</th>\n",
       "      <td>0.02731</td>\n",
       "      <td>0.0</td>\n",
       "      <td>7.07</td>\n",
       "      <td>0</td>\n",
       "      <td>0.469</td>\n",
       "      <td>6.421</td>\n",
       "      <td>78.9</td>\n",
       "      <td>4.9671</td>\n",
       "      <td>2</td>\n",
       "      <td>242</td>\n",
       "      <td>17.8</td>\n",
       "      <td>396.90</td>\n",
       "      <td>9.14</td>\n",
       "      <td>21.6</td>\n",
       "    </tr>\n",
       "    <tr>\n",
       "      <th>2</th>\n",
       "      <td>0.02729</td>\n",
       "      <td>0.0</td>\n",
       "      <td>7.07</td>\n",
       "      <td>0</td>\n",
       "      <td>0.469</td>\n",
       "      <td>7.185</td>\n",
       "      <td>61.1</td>\n",
       "      <td>4.9671</td>\n",
       "      <td>2</td>\n",
       "      <td>242</td>\n",
       "      <td>17.8</td>\n",
       "      <td>392.83</td>\n",
       "      <td>4.03</td>\n",
       "      <td>34.7</td>\n",
       "    </tr>\n",
       "    <tr>\n",
       "      <th>3</th>\n",
       "      <td>0.03237</td>\n",
       "      <td>0.0</td>\n",
       "      <td>2.18</td>\n",
       "      <td>0</td>\n",
       "      <td>0.458</td>\n",
       "      <td>6.998</td>\n",
       "      <td>45.8</td>\n",
       "      <td>6.0622</td>\n",
       "      <td>3</td>\n",
       "      <td>222</td>\n",
       "      <td>18.7</td>\n",
       "      <td>394.63</td>\n",
       "      <td>2.94</td>\n",
       "      <td>33.4</td>\n",
       "    </tr>\n",
       "    <tr>\n",
       "      <th>4</th>\n",
       "      <td>0.06905</td>\n",
       "      <td>0.0</td>\n",
       "      <td>2.18</td>\n",
       "      <td>0</td>\n",
       "      <td>0.458</td>\n",
       "      <td>7.147</td>\n",
       "      <td>54.2</td>\n",
       "      <td>6.0622</td>\n",
       "      <td>3</td>\n",
       "      <td>222</td>\n",
       "      <td>18.7</td>\n",
       "      <td>396.90</td>\n",
       "      <td>5.33</td>\n",
       "      <td>36.2</td>\n",
       "    </tr>\n",
       "  </tbody>\n",
       "</table>\n",
       "</div>"
      ],
      "text/plain": [
       "       犯罪率  住宅用地所占比例  城镇中非商业用地所占比例  是否处于查尔斯河边  一氧化碳浓度  住宅房间数  \\\n",
       "0  0.00632      18.0          2.31          0   0.538  6.575   \n",
       "1  0.02731       0.0          7.07          0   0.469  6.421   \n",
       "2  0.02729       0.0          7.07          0   0.469  7.185   \n",
       "3  0.03237       0.0          2.18          0   0.458  6.998   \n",
       "4  0.06905       0.0          2.18          0   0.458  7.147   \n",
       "\n",
       "   1940年以前建成的业主自住单位的占比  距离波士顿5个商业中心的加权平均距离  距离高速公路的便利指数  不动产权税  学生/教师比例  \\\n",
       "0                 65.2              4.0900            1    296     15.3   \n",
       "1                 78.9              4.9671            2    242     17.8   \n",
       "2                 61.1              4.9671            2    242     17.8   \n",
       "3                 45.8              6.0622            3    222     18.7   \n",
       "4                 54.2              6.0622            3    222     18.7   \n",
       "\n",
       "     黑人比例  低收入阶层占比  房价中位数  \n",
       "0  396.90     4.98   24.0  \n",
       "1  396.90     9.14   21.6  \n",
       "2  392.83     4.03   34.7  \n",
       "3  394.63     2.94   33.4  \n",
       "4  396.90     5.33   36.2  "
      ]
     },
     "execution_count": 44,
     "metadata": {},
     "output_type": "execute_result"
    }
   ],
   "source": [
    "df_chinese.head()#查看前五行数据"
   ]
  },
  {
   "cell_type": "code",
   "execution_count": 45,
   "metadata": {},
   "outputs": [
    {
     "data": {
      "text/html": [
       "<div>\n",
       "<style scoped>\n",
       "    .dataframe tbody tr th:only-of-type {\n",
       "        vertical-align: middle;\n",
       "    }\n",
       "\n",
       "    .dataframe tbody tr th {\n",
       "        vertical-align: top;\n",
       "    }\n",
       "\n",
       "    .dataframe thead th {\n",
       "        text-align: right;\n",
       "    }\n",
       "</style>\n",
       "<table border=\"1\" class=\"dataframe\">\n",
       "  <thead>\n",
       "    <tr style=\"text-align: right;\">\n",
       "      <th></th>\n",
       "      <th>crim</th>\n",
       "      <th>zn</th>\n",
       "      <th>indus</th>\n",
       "      <th>chas</th>\n",
       "      <th>nox</th>\n",
       "      <th>rm</th>\n",
       "      <th>age</th>\n",
       "      <th>dis</th>\n",
       "      <th>rad</th>\n",
       "      <th>tax</th>\n",
       "      <th>ptratio</th>\n",
       "      <th>b</th>\n",
       "      <th>lstat</th>\n",
       "      <th>medv</th>\n",
       "    </tr>\n",
       "  </thead>\n",
       "  <tbody>\n",
       "    <tr>\n",
       "      <th>0</th>\n",
       "      <td>0.00632</td>\n",
       "      <td>18.0</td>\n",
       "      <td>2.31</td>\n",
       "      <td>0</td>\n",
       "      <td>0.538</td>\n",
       "      <td>6.575</td>\n",
       "      <td>65.2</td>\n",
       "      <td>4.0900</td>\n",
       "      <td>1</td>\n",
       "      <td>296</td>\n",
       "      <td>15.3</td>\n",
       "      <td>396.90</td>\n",
       "      <td>4.98</td>\n",
       "      <td>24.0</td>\n",
       "    </tr>\n",
       "    <tr>\n",
       "      <th>1</th>\n",
       "      <td>0.02731</td>\n",
       "      <td>0.0</td>\n",
       "      <td>7.07</td>\n",
       "      <td>0</td>\n",
       "      <td>0.469</td>\n",
       "      <td>6.421</td>\n",
       "      <td>78.9</td>\n",
       "      <td>4.9671</td>\n",
       "      <td>2</td>\n",
       "      <td>242</td>\n",
       "      <td>17.8</td>\n",
       "      <td>396.90</td>\n",
       "      <td>9.14</td>\n",
       "      <td>21.6</td>\n",
       "    </tr>\n",
       "    <tr>\n",
       "      <th>2</th>\n",
       "      <td>0.02729</td>\n",
       "      <td>0.0</td>\n",
       "      <td>7.07</td>\n",
       "      <td>0</td>\n",
       "      <td>0.469</td>\n",
       "      <td>7.185</td>\n",
       "      <td>61.1</td>\n",
       "      <td>4.9671</td>\n",
       "      <td>2</td>\n",
       "      <td>242</td>\n",
       "      <td>17.8</td>\n",
       "      <td>392.83</td>\n",
       "      <td>4.03</td>\n",
       "      <td>34.7</td>\n",
       "    </tr>\n",
       "    <tr>\n",
       "      <th>3</th>\n",
       "      <td>0.03237</td>\n",
       "      <td>0.0</td>\n",
       "      <td>2.18</td>\n",
       "      <td>0</td>\n",
       "      <td>0.458</td>\n",
       "      <td>6.998</td>\n",
       "      <td>45.8</td>\n",
       "      <td>6.0622</td>\n",
       "      <td>3</td>\n",
       "      <td>222</td>\n",
       "      <td>18.7</td>\n",
       "      <td>394.63</td>\n",
       "      <td>2.94</td>\n",
       "      <td>33.4</td>\n",
       "    </tr>\n",
       "    <tr>\n",
       "      <th>4</th>\n",
       "      <td>0.06905</td>\n",
       "      <td>0.0</td>\n",
       "      <td>2.18</td>\n",
       "      <td>0</td>\n",
       "      <td>0.458</td>\n",
       "      <td>7.147</td>\n",
       "      <td>54.2</td>\n",
       "      <td>6.0622</td>\n",
       "      <td>3</td>\n",
       "      <td>222</td>\n",
       "      <td>18.7</td>\n",
       "      <td>396.90</td>\n",
       "      <td>5.33</td>\n",
       "      <td>36.2</td>\n",
       "    </tr>\n",
       "  </tbody>\n",
       "</table>\n",
       "</div>"
      ],
      "text/plain": [
       "      crim    zn  indus  chas    nox     rm   age     dis  rad  tax  ptratio  \\\n",
       "0  0.00632  18.0   2.31     0  0.538  6.575  65.2  4.0900    1  296     15.3   \n",
       "1  0.02731   0.0   7.07     0  0.469  6.421  78.9  4.9671    2  242     17.8   \n",
       "2  0.02729   0.0   7.07     0  0.469  7.185  61.1  4.9671    2  242     17.8   \n",
       "3  0.03237   0.0   2.18     0  0.458  6.998  45.8  6.0622    3  222     18.7   \n",
       "4  0.06905   0.0   2.18     0  0.458  7.147  54.2  6.0622    3  222     18.7   \n",
       "\n",
       "        b  lstat  medv  \n",
       "0  396.90   4.98  24.0  \n",
       "1  396.90   9.14  21.6  \n",
       "2  392.83   4.03  34.7  \n",
       "3  394.63   2.94  33.4  \n",
       "4  396.90   5.33  36.2  "
      ]
     },
     "execution_count": 45,
     "metadata": {},
     "output_type": "execute_result"
    }
   ],
   "source": [
    "df_english.head()#查看前五行数据"
   ]
  },
  {
   "cell_type": "code",
   "execution_count": 46,
   "metadata": {},
   "outputs": [
    {
     "data": {
      "text/plain": [
       "(506, 14)"
      ]
     },
     "execution_count": 46,
     "metadata": {},
     "output_type": "execute_result"
    }
   ],
   "source": [
    "df_english.shape#查看行列数"
   ]
  },
  {
   "cell_type": "code",
   "execution_count": 47,
   "metadata": {},
   "outputs": [
    {
     "data": {
      "text/plain": [
       "(506, 14)"
      ]
     },
     "execution_count": 47,
     "metadata": {},
     "output_type": "execute_result"
    }
   ],
   "source": [
    "df_chinese.shape#查看行列数"
   ]
  },
  {
   "cell_type": "code",
   "execution_count": 48,
   "metadata": {
    "scrolled": true
   },
   "outputs": [
    {
     "data": {
      "text/plain": [
       "犯罪率                    float64\n",
       "住宅用地所占比例               float64\n",
       "城镇中非商业用地所占比例           float64\n",
       "是否处于查尔斯河边                int64\n",
       "一氧化碳浓度                 float64\n",
       "住宅房间数                  float64\n",
       "1940年以前建成的业主自住单位的占比    float64\n",
       "距离波士顿5个商业中心的加权平均距离     float64\n",
       "距离高速公路的便利指数              int64\n",
       "不动产权税                    int64\n",
       "学生/教师比例                float64\n",
       "黑人比例                   float64\n",
       "低收入阶层占比                float64\n",
       "房价中位数                  float64\n",
       "dtype: object"
      ]
     },
     "execution_count": 48,
     "metadata": {},
     "output_type": "execute_result"
    }
   ],
   "source": [
    "df_chinese.dtypes#查看数据类型"
   ]
  },
  {
   "cell_type": "code",
   "execution_count": 49,
   "metadata": {
    "scrolled": true
   },
   "outputs": [
    {
     "name": "stdout",
     "output_type": "stream",
     "text": [
      "<class 'pandas.core.frame.DataFrame'>\n",
      "RangeIndex: 506 entries, 0 to 505\n",
      "Data columns (total 14 columns):\n",
      " #   Column               Non-Null Count  Dtype  \n",
      "---  ------               --------------  -----  \n",
      " 0   犯罪率                  506 non-null    float64\n",
      " 1   住宅用地所占比例             506 non-null    float64\n",
      " 2   城镇中非商业用地所占比例         506 non-null    float64\n",
      " 3   是否处于查尔斯河边            506 non-null    int64  \n",
      " 4   一氧化碳浓度               506 non-null    float64\n",
      " 5   住宅房间数                506 non-null    float64\n",
      " 6   1940年以前建成的业主自住单位的占比  506 non-null    float64\n",
      " 7   距离波士顿5个商业中心的加权平均距离   506 non-null    float64\n",
      " 8   距离高速公路的便利指数          506 non-null    int64  \n",
      " 9   不动产权税                506 non-null    int64  \n",
      " 10  学生/教师比例              506 non-null    float64\n",
      " 11  黑人比例                 506 non-null    float64\n",
      " 12  低收入阶层占比              506 non-null    float64\n",
      " 13  房价中位数                506 non-null    float64\n",
      "dtypes: float64(11), int64(3)\n",
      "memory usage: 55.5 KB\n"
     ]
    }
   ],
   "source": [
    "df_chinese.info()#查看有无缺失值"
   ]
  },
  {
   "cell_type": "code",
   "execution_count": 50,
   "metadata": {},
   "outputs": [
    {
     "data": {
      "text/plain": [
       "0"
      ]
     },
     "execution_count": 50,
     "metadata": {},
     "output_type": "execute_result"
    }
   ],
   "source": [
    "df_chinese.isnull().any().sum()#查看有无缺失值"
   ]
  },
  {
   "cell_type": "code",
   "execution_count": 51,
   "metadata": {
    "scrolled": true
   },
   "outputs": [
    {
     "data": {
      "text/html": [
       "<div>\n",
       "<style scoped>\n",
       "    .dataframe tbody tr th:only-of-type {\n",
       "        vertical-align: middle;\n",
       "    }\n",
       "\n",
       "    .dataframe tbody tr th {\n",
       "        vertical-align: top;\n",
       "    }\n",
       "\n",
       "    .dataframe thead th {\n",
       "        text-align: right;\n",
       "    }\n",
       "</style>\n",
       "<table border=\"1\" class=\"dataframe\">\n",
       "  <thead>\n",
       "    <tr style=\"text-align: right;\">\n",
       "      <th></th>\n",
       "      <th>犯罪率</th>\n",
       "      <th>住宅用地所占比例</th>\n",
       "      <th>城镇中非商业用地所占比例</th>\n",
       "      <th>是否处于查尔斯河边</th>\n",
       "      <th>一氧化碳浓度</th>\n",
       "      <th>住宅房间数</th>\n",
       "      <th>1940年以前建成的业主自住单位的占比</th>\n",
       "      <th>距离波士顿5个商业中心的加权平均距离</th>\n",
       "      <th>距离高速公路的便利指数</th>\n",
       "      <th>不动产权税</th>\n",
       "      <th>学生/教师比例</th>\n",
       "      <th>黑人比例</th>\n",
       "      <th>低收入阶层占比</th>\n",
       "      <th>房价中位数</th>\n",
       "    </tr>\n",
       "  </thead>\n",
       "  <tbody>\n",
       "    <tr>\n",
       "      <th>count</th>\n",
       "      <td>506.000000</td>\n",
       "      <td>506.000000</td>\n",
       "      <td>506.000000</td>\n",
       "      <td>506.000000</td>\n",
       "      <td>506.000000</td>\n",
       "      <td>506.000000</td>\n",
       "      <td>506.000000</td>\n",
       "      <td>506.000000</td>\n",
       "      <td>506.000000</td>\n",
       "      <td>506.000000</td>\n",
       "      <td>506.000000</td>\n",
       "      <td>506.000000</td>\n",
       "      <td>506.000000</td>\n",
       "      <td>506.000000</td>\n",
       "    </tr>\n",
       "    <tr>\n",
       "      <th>mean</th>\n",
       "      <td>3.613524</td>\n",
       "      <td>11.363636</td>\n",
       "      <td>11.136779</td>\n",
       "      <td>0.069170</td>\n",
       "      <td>0.554695</td>\n",
       "      <td>6.284634</td>\n",
       "      <td>68.574901</td>\n",
       "      <td>3.795043</td>\n",
       "      <td>9.549407</td>\n",
       "      <td>408.237154</td>\n",
       "      <td>18.455534</td>\n",
       "      <td>356.674032</td>\n",
       "      <td>12.653063</td>\n",
       "      <td>22.532806</td>\n",
       "    </tr>\n",
       "    <tr>\n",
       "      <th>std</th>\n",
       "      <td>8.601545</td>\n",
       "      <td>23.322453</td>\n",
       "      <td>6.860353</td>\n",
       "      <td>0.253994</td>\n",
       "      <td>0.115878</td>\n",
       "      <td>0.702617</td>\n",
       "      <td>28.148861</td>\n",
       "      <td>2.105710</td>\n",
       "      <td>8.707259</td>\n",
       "      <td>168.537116</td>\n",
       "      <td>2.164946</td>\n",
       "      <td>91.294864</td>\n",
       "      <td>7.141062</td>\n",
       "      <td>9.197104</td>\n",
       "    </tr>\n",
       "    <tr>\n",
       "      <th>min</th>\n",
       "      <td>0.006320</td>\n",
       "      <td>0.000000</td>\n",
       "      <td>0.460000</td>\n",
       "      <td>0.000000</td>\n",
       "      <td>0.385000</td>\n",
       "      <td>3.561000</td>\n",
       "      <td>2.900000</td>\n",
       "      <td>1.129600</td>\n",
       "      <td>1.000000</td>\n",
       "      <td>187.000000</td>\n",
       "      <td>12.600000</td>\n",
       "      <td>0.320000</td>\n",
       "      <td>1.730000</td>\n",
       "      <td>5.000000</td>\n",
       "    </tr>\n",
       "    <tr>\n",
       "      <th>25%</th>\n",
       "      <td>0.082045</td>\n",
       "      <td>0.000000</td>\n",
       "      <td>5.190000</td>\n",
       "      <td>0.000000</td>\n",
       "      <td>0.449000</td>\n",
       "      <td>5.885500</td>\n",
       "      <td>45.025000</td>\n",
       "      <td>2.100175</td>\n",
       "      <td>4.000000</td>\n",
       "      <td>279.000000</td>\n",
       "      <td>17.400000</td>\n",
       "      <td>375.377500</td>\n",
       "      <td>6.950000</td>\n",
       "      <td>17.025000</td>\n",
       "    </tr>\n",
       "    <tr>\n",
       "      <th>50%</th>\n",
       "      <td>0.256510</td>\n",
       "      <td>0.000000</td>\n",
       "      <td>9.690000</td>\n",
       "      <td>0.000000</td>\n",
       "      <td>0.538000</td>\n",
       "      <td>6.208500</td>\n",
       "      <td>77.500000</td>\n",
       "      <td>3.207450</td>\n",
       "      <td>5.000000</td>\n",
       "      <td>330.000000</td>\n",
       "      <td>19.050000</td>\n",
       "      <td>391.440000</td>\n",
       "      <td>11.360000</td>\n",
       "      <td>21.200000</td>\n",
       "    </tr>\n",
       "    <tr>\n",
       "      <th>75%</th>\n",
       "      <td>3.677083</td>\n",
       "      <td>12.500000</td>\n",
       "      <td>18.100000</td>\n",
       "      <td>0.000000</td>\n",
       "      <td>0.624000</td>\n",
       "      <td>6.623500</td>\n",
       "      <td>94.075000</td>\n",
       "      <td>5.188425</td>\n",
       "      <td>24.000000</td>\n",
       "      <td>666.000000</td>\n",
       "      <td>20.200000</td>\n",
       "      <td>396.225000</td>\n",
       "      <td>16.955000</td>\n",
       "      <td>25.000000</td>\n",
       "    </tr>\n",
       "    <tr>\n",
       "      <th>max</th>\n",
       "      <td>88.976200</td>\n",
       "      <td>100.000000</td>\n",
       "      <td>27.740000</td>\n",
       "      <td>1.000000</td>\n",
       "      <td>0.871000</td>\n",
       "      <td>8.780000</td>\n",
       "      <td>100.000000</td>\n",
       "      <td>12.126500</td>\n",
       "      <td>24.000000</td>\n",
       "      <td>711.000000</td>\n",
       "      <td>22.000000</td>\n",
       "      <td>396.900000</td>\n",
       "      <td>37.970000</td>\n",
       "      <td>50.000000</td>\n",
       "    </tr>\n",
       "  </tbody>\n",
       "</table>\n",
       "</div>"
      ],
      "text/plain": [
       "              犯罪率    住宅用地所占比例  城镇中非商业用地所占比例   是否处于查尔斯河边      一氧化碳浓度  \\\n",
       "count  506.000000  506.000000    506.000000  506.000000  506.000000   \n",
       "mean     3.613524   11.363636     11.136779    0.069170    0.554695   \n",
       "std      8.601545   23.322453      6.860353    0.253994    0.115878   \n",
       "min      0.006320    0.000000      0.460000    0.000000    0.385000   \n",
       "25%      0.082045    0.000000      5.190000    0.000000    0.449000   \n",
       "50%      0.256510    0.000000      9.690000    0.000000    0.538000   \n",
       "75%      3.677083   12.500000     18.100000    0.000000    0.624000   \n",
       "max     88.976200  100.000000     27.740000    1.000000    0.871000   \n",
       "\n",
       "            住宅房间数  1940年以前建成的业主自住单位的占比  距离波士顿5个商业中心的加权平均距离  距离高速公路的便利指数  \\\n",
       "count  506.000000           506.000000          506.000000   506.000000   \n",
       "mean     6.284634            68.574901            3.795043     9.549407   \n",
       "std      0.702617            28.148861            2.105710     8.707259   \n",
       "min      3.561000             2.900000            1.129600     1.000000   \n",
       "25%      5.885500            45.025000            2.100175     4.000000   \n",
       "50%      6.208500            77.500000            3.207450     5.000000   \n",
       "75%      6.623500            94.075000            5.188425    24.000000   \n",
       "max      8.780000           100.000000           12.126500    24.000000   \n",
       "\n",
       "            不动产权税     学生/教师比例        黑人比例     低收入阶层占比       房价中位数  \n",
       "count  506.000000  506.000000  506.000000  506.000000  506.000000  \n",
       "mean   408.237154   18.455534  356.674032   12.653063   22.532806  \n",
       "std    168.537116    2.164946   91.294864    7.141062    9.197104  \n",
       "min    187.000000   12.600000    0.320000    1.730000    5.000000  \n",
       "25%    279.000000   17.400000  375.377500    6.950000   17.025000  \n",
       "50%    330.000000   19.050000  391.440000   11.360000   21.200000  \n",
       "75%    666.000000   20.200000  396.225000   16.955000   25.000000  \n",
       "max    711.000000   22.000000  396.900000   37.970000   50.000000  "
      ]
     },
     "execution_count": 51,
     "metadata": {},
     "output_type": "execute_result"
    }
   ],
   "source": [
    "df_chinese.describe()#查看数据统计特征"
   ]
  },
  {
   "cell_type": "code",
   "execution_count": 52,
   "metadata": {
    "scrolled": true
   },
   "outputs": [
    {
     "data": {
      "text/html": [
       "<div>\n",
       "<style scoped>\n",
       "    .dataframe tbody tr th:only-of-type {\n",
       "        vertical-align: middle;\n",
       "    }\n",
       "\n",
       "    .dataframe tbody tr th {\n",
       "        vertical-align: top;\n",
       "    }\n",
       "\n",
       "    .dataframe thead th {\n",
       "        text-align: right;\n",
       "    }\n",
       "</style>\n",
       "<table border=\"1\" class=\"dataframe\">\n",
       "  <thead>\n",
       "    <tr style=\"text-align: right;\">\n",
       "      <th></th>\n",
       "      <th>crim</th>\n",
       "      <th>zn</th>\n",
       "      <th>indus</th>\n",
       "      <th>chas</th>\n",
       "      <th>nox</th>\n",
       "      <th>rm</th>\n",
       "      <th>age</th>\n",
       "      <th>dis</th>\n",
       "      <th>rad</th>\n",
       "      <th>tax</th>\n",
       "      <th>ptratio</th>\n",
       "      <th>b</th>\n",
       "      <th>lstat</th>\n",
       "      <th>medv</th>\n",
       "    </tr>\n",
       "  </thead>\n",
       "  <tbody>\n",
       "    <tr>\n",
       "      <th>crim</th>\n",
       "      <td>1.000000</td>\n",
       "      <td>-0.200469</td>\n",
       "      <td>0.406583</td>\n",
       "      <td>-0.055892</td>\n",
       "      <td>0.420972</td>\n",
       "      <td>-0.219247</td>\n",
       "      <td>0.352734</td>\n",
       "      <td>-0.379670</td>\n",
       "      <td>0.625505</td>\n",
       "      <td>0.582764</td>\n",
       "      <td>0.289946</td>\n",
       "      <td>-0.385064</td>\n",
       "      <td>0.455621</td>\n",
       "      <td>-0.388305</td>\n",
       "    </tr>\n",
       "    <tr>\n",
       "      <th>zn</th>\n",
       "      <td>-0.200469</td>\n",
       "      <td>1.000000</td>\n",
       "      <td>-0.533828</td>\n",
       "      <td>-0.042697</td>\n",
       "      <td>-0.516604</td>\n",
       "      <td>0.311991</td>\n",
       "      <td>-0.569537</td>\n",
       "      <td>0.664408</td>\n",
       "      <td>-0.311948</td>\n",
       "      <td>-0.314563</td>\n",
       "      <td>-0.391679</td>\n",
       "      <td>0.175520</td>\n",
       "      <td>-0.412995</td>\n",
       "      <td>0.360445</td>\n",
       "    </tr>\n",
       "    <tr>\n",
       "      <th>indus</th>\n",
       "      <td>0.406583</td>\n",
       "      <td>-0.533828</td>\n",
       "      <td>1.000000</td>\n",
       "      <td>0.062938</td>\n",
       "      <td>0.763651</td>\n",
       "      <td>-0.391676</td>\n",
       "      <td>0.644779</td>\n",
       "      <td>-0.708027</td>\n",
       "      <td>0.595129</td>\n",
       "      <td>0.720760</td>\n",
       "      <td>0.383248</td>\n",
       "      <td>-0.356977</td>\n",
       "      <td>0.603800</td>\n",
       "      <td>-0.483725</td>\n",
       "    </tr>\n",
       "    <tr>\n",
       "      <th>chas</th>\n",
       "      <td>-0.055892</td>\n",
       "      <td>-0.042697</td>\n",
       "      <td>0.062938</td>\n",
       "      <td>1.000000</td>\n",
       "      <td>0.091203</td>\n",
       "      <td>0.091251</td>\n",
       "      <td>0.086518</td>\n",
       "      <td>-0.099176</td>\n",
       "      <td>-0.007368</td>\n",
       "      <td>-0.035587</td>\n",
       "      <td>-0.121515</td>\n",
       "      <td>0.048788</td>\n",
       "      <td>-0.053929</td>\n",
       "      <td>0.175260</td>\n",
       "    </tr>\n",
       "    <tr>\n",
       "      <th>nox</th>\n",
       "      <td>0.420972</td>\n",
       "      <td>-0.516604</td>\n",
       "      <td>0.763651</td>\n",
       "      <td>0.091203</td>\n",
       "      <td>1.000000</td>\n",
       "      <td>-0.302188</td>\n",
       "      <td>0.731470</td>\n",
       "      <td>-0.769230</td>\n",
       "      <td>0.611441</td>\n",
       "      <td>0.668023</td>\n",
       "      <td>0.188933</td>\n",
       "      <td>-0.380051</td>\n",
       "      <td>0.590879</td>\n",
       "      <td>-0.427321</td>\n",
       "    </tr>\n",
       "    <tr>\n",
       "      <th>rm</th>\n",
       "      <td>-0.219247</td>\n",
       "      <td>0.311991</td>\n",
       "      <td>-0.391676</td>\n",
       "      <td>0.091251</td>\n",
       "      <td>-0.302188</td>\n",
       "      <td>1.000000</td>\n",
       "      <td>-0.240265</td>\n",
       "      <td>0.205246</td>\n",
       "      <td>-0.209847</td>\n",
       "      <td>-0.292048</td>\n",
       "      <td>-0.355501</td>\n",
       "      <td>0.128069</td>\n",
       "      <td>-0.613808</td>\n",
       "      <td>0.695360</td>\n",
       "    </tr>\n",
       "    <tr>\n",
       "      <th>age</th>\n",
       "      <td>0.352734</td>\n",
       "      <td>-0.569537</td>\n",
       "      <td>0.644779</td>\n",
       "      <td>0.086518</td>\n",
       "      <td>0.731470</td>\n",
       "      <td>-0.240265</td>\n",
       "      <td>1.000000</td>\n",
       "      <td>-0.747881</td>\n",
       "      <td>0.456022</td>\n",
       "      <td>0.506456</td>\n",
       "      <td>0.261515</td>\n",
       "      <td>-0.273534</td>\n",
       "      <td>0.602339</td>\n",
       "      <td>-0.376955</td>\n",
       "    </tr>\n",
       "    <tr>\n",
       "      <th>dis</th>\n",
       "      <td>-0.379670</td>\n",
       "      <td>0.664408</td>\n",
       "      <td>-0.708027</td>\n",
       "      <td>-0.099176</td>\n",
       "      <td>-0.769230</td>\n",
       "      <td>0.205246</td>\n",
       "      <td>-0.747881</td>\n",
       "      <td>1.000000</td>\n",
       "      <td>-0.494588</td>\n",
       "      <td>-0.534432</td>\n",
       "      <td>-0.232471</td>\n",
       "      <td>0.291512</td>\n",
       "      <td>-0.496996</td>\n",
       "      <td>0.249929</td>\n",
       "    </tr>\n",
       "    <tr>\n",
       "      <th>rad</th>\n",
       "      <td>0.625505</td>\n",
       "      <td>-0.311948</td>\n",
       "      <td>0.595129</td>\n",
       "      <td>-0.007368</td>\n",
       "      <td>0.611441</td>\n",
       "      <td>-0.209847</td>\n",
       "      <td>0.456022</td>\n",
       "      <td>-0.494588</td>\n",
       "      <td>1.000000</td>\n",
       "      <td>0.910228</td>\n",
       "      <td>0.464741</td>\n",
       "      <td>-0.444413</td>\n",
       "      <td>0.488676</td>\n",
       "      <td>-0.381626</td>\n",
       "    </tr>\n",
       "    <tr>\n",
       "      <th>tax</th>\n",
       "      <td>0.582764</td>\n",
       "      <td>-0.314563</td>\n",
       "      <td>0.720760</td>\n",
       "      <td>-0.035587</td>\n",
       "      <td>0.668023</td>\n",
       "      <td>-0.292048</td>\n",
       "      <td>0.506456</td>\n",
       "      <td>-0.534432</td>\n",
       "      <td>0.910228</td>\n",
       "      <td>1.000000</td>\n",
       "      <td>0.460853</td>\n",
       "      <td>-0.441808</td>\n",
       "      <td>0.543993</td>\n",
       "      <td>-0.468536</td>\n",
       "    </tr>\n",
       "    <tr>\n",
       "      <th>ptratio</th>\n",
       "      <td>0.289946</td>\n",
       "      <td>-0.391679</td>\n",
       "      <td>0.383248</td>\n",
       "      <td>-0.121515</td>\n",
       "      <td>0.188933</td>\n",
       "      <td>-0.355501</td>\n",
       "      <td>0.261515</td>\n",
       "      <td>-0.232471</td>\n",
       "      <td>0.464741</td>\n",
       "      <td>0.460853</td>\n",
       "      <td>1.000000</td>\n",
       "      <td>-0.177383</td>\n",
       "      <td>0.374044</td>\n",
       "      <td>-0.507787</td>\n",
       "    </tr>\n",
       "    <tr>\n",
       "      <th>b</th>\n",
       "      <td>-0.385064</td>\n",
       "      <td>0.175520</td>\n",
       "      <td>-0.356977</td>\n",
       "      <td>0.048788</td>\n",
       "      <td>-0.380051</td>\n",
       "      <td>0.128069</td>\n",
       "      <td>-0.273534</td>\n",
       "      <td>0.291512</td>\n",
       "      <td>-0.444413</td>\n",
       "      <td>-0.441808</td>\n",
       "      <td>-0.177383</td>\n",
       "      <td>1.000000</td>\n",
       "      <td>-0.366087</td>\n",
       "      <td>0.333461</td>\n",
       "    </tr>\n",
       "    <tr>\n",
       "      <th>lstat</th>\n",
       "      <td>0.455621</td>\n",
       "      <td>-0.412995</td>\n",
       "      <td>0.603800</td>\n",
       "      <td>-0.053929</td>\n",
       "      <td>0.590879</td>\n",
       "      <td>-0.613808</td>\n",
       "      <td>0.602339</td>\n",
       "      <td>-0.496996</td>\n",
       "      <td>0.488676</td>\n",
       "      <td>0.543993</td>\n",
       "      <td>0.374044</td>\n",
       "      <td>-0.366087</td>\n",
       "      <td>1.000000</td>\n",
       "      <td>-0.737663</td>\n",
       "    </tr>\n",
       "    <tr>\n",
       "      <th>medv</th>\n",
       "      <td>-0.388305</td>\n",
       "      <td>0.360445</td>\n",
       "      <td>-0.483725</td>\n",
       "      <td>0.175260</td>\n",
       "      <td>-0.427321</td>\n",
       "      <td>0.695360</td>\n",
       "      <td>-0.376955</td>\n",
       "      <td>0.249929</td>\n",
       "      <td>-0.381626</td>\n",
       "      <td>-0.468536</td>\n",
       "      <td>-0.507787</td>\n",
       "      <td>0.333461</td>\n",
       "      <td>-0.737663</td>\n",
       "      <td>1.000000</td>\n",
       "    </tr>\n",
       "  </tbody>\n",
       "</table>\n",
       "</div>"
      ],
      "text/plain": [
       "             crim        zn     indus      chas       nox        rm       age  \\\n",
       "crim     1.000000 -0.200469  0.406583 -0.055892  0.420972 -0.219247  0.352734   \n",
       "zn      -0.200469  1.000000 -0.533828 -0.042697 -0.516604  0.311991 -0.569537   \n",
       "indus    0.406583 -0.533828  1.000000  0.062938  0.763651 -0.391676  0.644779   \n",
       "chas    -0.055892 -0.042697  0.062938  1.000000  0.091203  0.091251  0.086518   \n",
       "nox      0.420972 -0.516604  0.763651  0.091203  1.000000 -0.302188  0.731470   \n",
       "rm      -0.219247  0.311991 -0.391676  0.091251 -0.302188  1.000000 -0.240265   \n",
       "age      0.352734 -0.569537  0.644779  0.086518  0.731470 -0.240265  1.000000   \n",
       "dis     -0.379670  0.664408 -0.708027 -0.099176 -0.769230  0.205246 -0.747881   \n",
       "rad      0.625505 -0.311948  0.595129 -0.007368  0.611441 -0.209847  0.456022   \n",
       "tax      0.582764 -0.314563  0.720760 -0.035587  0.668023 -0.292048  0.506456   \n",
       "ptratio  0.289946 -0.391679  0.383248 -0.121515  0.188933 -0.355501  0.261515   \n",
       "b       -0.385064  0.175520 -0.356977  0.048788 -0.380051  0.128069 -0.273534   \n",
       "lstat    0.455621 -0.412995  0.603800 -0.053929  0.590879 -0.613808  0.602339   \n",
       "medv    -0.388305  0.360445 -0.483725  0.175260 -0.427321  0.695360 -0.376955   \n",
       "\n",
       "              dis       rad       tax   ptratio         b     lstat      medv  \n",
       "crim    -0.379670  0.625505  0.582764  0.289946 -0.385064  0.455621 -0.388305  \n",
       "zn       0.664408 -0.311948 -0.314563 -0.391679  0.175520 -0.412995  0.360445  \n",
       "indus   -0.708027  0.595129  0.720760  0.383248 -0.356977  0.603800 -0.483725  \n",
       "chas    -0.099176 -0.007368 -0.035587 -0.121515  0.048788 -0.053929  0.175260  \n",
       "nox     -0.769230  0.611441  0.668023  0.188933 -0.380051  0.590879 -0.427321  \n",
       "rm       0.205246 -0.209847 -0.292048 -0.355501  0.128069 -0.613808  0.695360  \n",
       "age     -0.747881  0.456022  0.506456  0.261515 -0.273534  0.602339 -0.376955  \n",
       "dis      1.000000 -0.494588 -0.534432 -0.232471  0.291512 -0.496996  0.249929  \n",
       "rad     -0.494588  1.000000  0.910228  0.464741 -0.444413  0.488676 -0.381626  \n",
       "tax     -0.534432  0.910228  1.000000  0.460853 -0.441808  0.543993 -0.468536  \n",
       "ptratio -0.232471  0.464741  0.460853  1.000000 -0.177383  0.374044 -0.507787  \n",
       "b        0.291512 -0.444413 -0.441808 -0.177383  1.000000 -0.366087  0.333461  \n",
       "lstat   -0.496996  0.488676  0.543993  0.374044 -0.366087  1.000000 -0.737663  \n",
       "medv     0.249929 -0.381626 -0.468536 -0.507787  0.333461 -0.737663  1.000000  "
      ]
     },
     "execution_count": 52,
     "metadata": {},
     "output_type": "execute_result"
    }
   ],
   "source": [
    "df_english.corr()#查看相关性"
   ]
  },
  {
   "cell_type": "markdown",
   "metadata": {},
   "source": [
    "# 数据可视化"
   ]
  },
  {
   "cell_type": "code",
   "execution_count": 53,
   "metadata": {},
   "outputs": [],
   "source": [
    "# 设置绘图大小\n",
    "plt.style.use({'figure.figsize':(15,10)})"
   ]
  },
  {
   "cell_type": "code",
   "execution_count": 54,
   "metadata": {
    "scrolled": true
   },
   "outputs": [
    {
     "data": {
      "text/plain": [
       "array([[<AxesSubplot:title={'center':'犯罪率'}>,\n",
       "        <AxesSubplot:title={'center':'住宅用地所占比例'}>,\n",
       "        <AxesSubplot:title={'center':'城镇中非商业用地所占比例'}>,\n",
       "        <AxesSubplot:title={'center':'是否处于查尔斯河边'}>],\n",
       "       [<AxesSubplot:title={'center':'一氧化碳浓度'}>,\n",
       "        <AxesSubplot:title={'center':'住宅房间数'}>,\n",
       "        <AxesSubplot:title={'center':'1940年以前建成的业主自住单位的占比'}>,\n",
       "        <AxesSubplot:title={'center':'距离波士顿5个商业中心的加权平均距离'}>],\n",
       "       [<AxesSubplot:title={'center':'距离高速公路的便利指数'}>,\n",
       "        <AxesSubplot:title={'center':'不动产权税'}>,\n",
       "        <AxesSubplot:title={'center':'学生/教师比例'}>,\n",
       "        <AxesSubplot:title={'center':'黑人比例'}>],\n",
       "       [<AxesSubplot:title={'center':'低收入阶层占比'}>,\n",
       "        <AxesSubplot:title={'center':'房价中位数'}>, <AxesSubplot:>,\n",
       "        <AxesSubplot:>]], dtype=object)"
      ]
     },
     "execution_count": 54,
     "metadata": {},
     "output_type": "execute_result"
    },
    {
     "data": {
